10 1 2 3 4 5 6 7 8 9 10 1 2 3 4 5 6 7
6 7 8 9 10 1 2 3 4 5 6 7 8 9 10 1 2 3
4 5 6 7 8 9 10 5 6 7 4 5 6 7 8 9 10 5
2 3 4 1 2 3 4 1 2 3 2 3 10 1 2 3 4 1
8 9 10 5 6 7 8 9 10 1 8 9 4 5 6 7 8 9
6a 7a 8a 9a 0 1a 2a 3a 4a 5a 6a 7a 8a 9a 10a 1a 2a 3a
6b 7b 8b 9b 0 1b 2b 3b 4b 5b 6b 7b 8b 9b 10b 1b 2b 3b
6c 7c 8c 9c 0 1c 2c 3c 4c 5c 6c 7c 8c 9c 10c 1c 2c 3c
4a 4b 4c 5a 0 0 10a 10b 10c 0 0 0 0 0 5b 0 5c
1 2 3 4 5 6 7 0 0 10 1 2 3 4 5 6 7 8
5 6 7 8 9 10 0 0 0 4 5 6 0 0 9 10 1 0
8 9 10 1 2 3 0 0 0 7 8 9 0 0 2 3 4 0
0 0 0 0 0 0 0 0 0 0 0 0 0 8 9 0 1 2
5 6 7 8 0 10 1 2 3 4 5 0 7 0 0 0 0 0
1 2 3 4 0 6 7 8 9 10 1 0 3 4 5 0 7 8
10 8 0 10 0 5 6 7 8 9 10 0 0 10 4 0 6 7
0 1 2 3 0 0 3 0 5 0 7 0 2 3 0 0 3 0
6 7 8 9 0 1 2 3 4 5 6 0 8 9 10 0 2 3
7 0 9 0 0 2 0 4 0 6 0 0 9 0 1 0 0 4
4 5 6 7 0 9 10 1 2 3 4 0 6 7 8 0 10 1
0 3 0 5 0 0 8 0 10 0 2 0 0 5 0 0 8 0
9 10 1 2 0 4 5 6 7 8 9 0 1 2 3 0 5 6
2 0 4 0 0 7 0 9 0 1 0 0 4 0 6 0 0 9
8 9 10 1 0 3 4 5 6 7 8 0 10 1 2 0 4 5
3 4 5 6  0 8 9 10 1 2 3 0 5 6 7 0 9 10
1 2 3 4 5 6 7 8 9 10 1 2 3 4 5 6 7 8
9 10 1 2 3 4 5 6 7 8 9 10 1 2 3 4 5 6
3 4 5 6 7 8 9 10 1 2 3 4 5 6 7 8 9 10
5 6 7 8 9 10 1 2 3 4 5 6 7 8 9 10 1 2
7 8 9 10 1 2 3 4 5 6 7 8 9 10 1 2 3 4